<!DOCTYPE html>
<html lang="zh">
<head>
    <meta http-equiv="Content-Type" content="text/html; charset=utf-8">
    <meta charset="utf-8">
    <meta name="viewport" content="width=device-width, initial-scale=1.0">
    <title>111-3D墙-31会议</title>
    <meta name="keywords">
    <meta name="description">
    <meta charset="utf-8">
    <meta http-equiv="X-UA-Compatible" content="IE=edge">
    <meta name="viewport" content="width=device-width, initial-scale=1.0, user-scalable=0, minimum-scale=1.0, maximum-scale=1.0">

    <link rel="stylesheet" type="text/css" href="http://newstatic.31huiyi.com/css/eventMobile/bootstrap.min.css?v=v2016_03_02_01894349">
    <link rel="stylesheet" type="text/css" href="http://newstatic.31huiyi.com/ExternalFiles/www/css/notyfy.css?v=v2016_03_02_01894349">

    <script src="http://newstatic.31huiyi.com/app/eventMobile/jquery-1.9.1.min.js?v=v2016_03_02_01894349" type="text/javascript"></script>
    <!-- 初始化站点地址-->

<script type="text/javascript">

    //初始化站点地址
    /*window.WWWSite = "http://www.31huiyi.com";
    window.Event31huiyiSiteUri = "http://event.31huiyi.com";
    window.EventMSiteUri = "http://event.3188.la";
    window.CorpSiteUrl = "http://corp.31huiyi.com";
    window.StaticUrl = "http://newstatic.31huiyi.com";
    window.FileDomain = "http://file.31huiyi.com"+"/";
    window.NewFileDomain = "http://newfile.31huiyi.com";
    window.MeiJia31Url = "http://www.31meijia.com/";
    window.SSODomain = "http://sso.31huiyi.com";
    window.UserDomain = "http://user.31huiyi.com";
    window.PaySiteUrl = "http://pay.31huiyi.com";
    window.RewardUrl = "http://reward.31huiyi.com";*/

</script>


<link href="http://newstatic.31huiyi.com/css/wallcheckin/tdwall.css?v=v2016_03_02_01894349" type="text/css" rel="stylesheet">
    <link href="http://newstatic.31huiyi.com/css/wallcheckin/tdwall.css?v=v2016_03_02_01894349" type="text/css" rel="stylesheet">

</head>
<body>



<input id="WXSignPageSize" name="WXSignPageSize" type="hidden" value="4">

&gt;<input id="WXSignLasyMilliseconds" name="WXSignLasyMilliseconds" type="hidden" value="1000">
<input id="WXSignId" name="WXSignId" type="hidden" value="815537912">
<input id="prevwall" name="prevwall" type="hidden">
<input name="IsPreview" id="IsPreview" type="hidden" value="">
<div id="container">
    <!-- <div style="overflow: hidden; transform-style: preserve-3d; width: 1435px; height: 950px; position: absolute; perspective: 1305.05px;">
        <div style="transform-style: preserve-3d; width: 1435px; height: 950px; transform: translate3d(0px, 0px, 1305.05px) matrix3d(-0.998882, -0.00777255, -0.0466353, 0, 0, -0.986394, 0.164399, 0, 0.0472786, -0.164215, -0.985291, 0, 2.32182e-06, 1.47531e-05, -2433.1, 1) translate3d(717.5px, 475px, 0px);">
            <div class="element" style="background-color: rgba(0, 127, 127, 0.65); font-size: 100px; position: absolute; transform: translate3d(-50%, -50%, 0px) matrix3d(-1, 0, 0, 0, 0, -1, 0, 0, 0, 0, -1, 0, 0, 0, -800, 1);">
            </div>
            <div class="element" style="background-color: rgba(0, 127, 127, 0.475); font-size: 100px; position: absolute; transform: translate3d(-50%, -50%, 0px) matrix3d(-0.979033, 0, 0.203701, 0, 0.0155117, -0.997096, 0.074553, 0, -0.203109, -0.0761496, -0.97619, 0, -162.487, -60.9197, -780.952, 1);">
            </div>
            <div class="element" style="background-color: rgba(0, 127, 127, 0.404); font-size: 100px; position: absolute; transform: translate3d(-50%, -50%, 0px) matrix3d(-0.990516, 0, 0.137396, 0, -0.0377573, -0.9615, -0.2722, 0, -0.132106, 0.274806, -0.952381, 0, -105.685, 219.845, -761.905, 1);">
            </div>
            <div class="element" style="background-color: rgba(0, 127, 127, 0.61); font-size: 100px; position: absolute; transform: translate3d(-50%, -50%, 0px) matrix3d(-0.968722, 0, -0.248147, 0, 0.0707009, -0.958553, -0.276004, 0, 0.237862, 0.284916, -0.928571, 0, 190.289, 227.933, -742.857, 1);">
            </div>
            <div class="element" style="background-color: rgba(0, 127, 127, 0.73); font-size: 100px; position: absolute; transform: translate3d(-50%, -50%, 0px) matrix3d(-0.905502, 0, -0.424342, 0, -0.0171535, -0.999183, 0.0366038, 0, 0.423995, -0.0404238, -0.904762, 0, 339.196, -32.339, -723.81, 1);">
            </div>
            <div class="element" style="background-color: rgba(0, 127, 127, 0.573); font-size: 100px; position: absolute; transform: translate3d(-50%, -50%, 0px) matrix3d(-0.95511, 0, -0.29625, 0, -0.114453, -0.922357, 0.368997, 0, 0.273248, -0.386339, -0.880952, 0, 218.599, -309.072, -704.762, 1);">
            </div>
            <div class="element" style="background-color: rgba(0, 127, 127, 0.537); font-size: 100px; position: absolute; transform: translate3d(-50%, -50%, 0px) matrix3d(-0.995049, 0, 0.099388, 0, 0.0504805, -0.861408, 0.505399, 0, -0.0856136, -0.507914, -0.857143, 0, -68.4909, -406.331, -685.714, 1);">
            </div>
            <div class="element" style="background-color: rgba(0, 127, 127, 0.655); font-size: 100px; position: absolute; transform: translate3d(-50%, -50%, 0px) matrix3d(-0.888673, 0, 0.458542, 0, 0.159284, -0.937728, 0.308698, 0, -0.429988, -0.34737, -0.833333, 0, -343.99, -277.896, -666.667, 1);">
            </div>
            <div class="element" style="background-color: rgba(0, 127, 127, 0.28); font-size: 100px; position: absolute; transform: translate3d(-50%, -50%, 0px) matrix3d(-0.809524, 0, 0.587087, 0, 0.000332987, -1, 0.00045915, 0, -0.587087, -0.000567186, -0.809524, 0, -469.669, -0.453749, -647.619, 1);">
            </div>
            <div class="element" style="background-color: rgba(0, 127, 127, 0.486); font-size: 100px; position: absolute; transform: translate3d(-50%, -50%, 0px) matrix3d(-0.845623, 0, 0.533781, 0, -0.197334, -0.929154, -0.31262, 0, -0.495965, 0.369692, -0.785714, 0, -396.772, 295.754, -628.571, 1);">
            </div>
            <div class="element" style="background-color: rgba(0, 127, 127, 0.467); font-size: 100px; position: absolute; transform: translate3d(-50%, -50%, 0px) matrix3d(-0.966168, 0, 0.257914, 0, -0.158598, -0.788584, -0.594122, 0, -0.203387, 0.614927, -0.761905, 0, -162.709, 491.941, -609.524, 1);">
            </div>
            <div class="element" style="background-color: rgba(0, 127, 127, 0.57); font-size: 100px; position: absolute; transform: translate3d(-50%, -50%, 0px) matrix3d(-0.972422, 0, -0.233229, 0, 0.151846, -0.759028, -0.633103, 0, 0.177027, 0.651058, -0.738095, 0, 141.622, 520.847, -590.476, 1);">
            </div>
            <div class="element" style="background-color: rgba(0, 127, 127, 0.69); font-size: 100px; position: absolute; transform: translate3d(-50%, -50%, 0px) matrix3d(-0.810828, 0, -0.585284, 0, 0.27698, -0.880933, -0.383716, 0, 0.515596, 0.47324, -0.714286, 0, 412.477, 378.592, -571.429, 1);">
            </div>
            <div class="element" style="background-color: rgba(0, 127, 127, 0.553); font-size: 100px; position: absolute; transform: translate3d(-50%, -50%, 0px) matrix3d(-0.697654, 0, -0.716435, 0, 0.102504, -0.989712, -0.0998169, 0, 0.709064, 0.143075, -0.690476, 0, 567.251, 114.46, -552.381, 1);">
            </div>
            <div class="element" style="background-color: rgba(0, 127, 127, 0.75); font-size: 100px; position: absolute; transform: translate3d(-50%, -50%, 0px) matrix3d(-0.686702, 0, -0.726939, 0, -0.174315, -0.970824, 0.164666, 0, 0.70573, -0.239793, -0.666667, 0, 564.584, -191.835, -533.333, 1);">
            </div>
            <div class="element" style="background-color: rgba(0, 127, 127, 0.553); font-size: 100px; position: absolute; transform: translate3d(-50%, -50%, 0px) matrix3d(-0.782434, 0, -0.622733, 0, -0.354988, -0.821612, 0.446025, 0, 0.511645, -0.570047, -0.642857, 0, 409.316, -456.038, -514.286, 1);">
            </div>
            <div class="element" style="background-color: rgba(0, 127, 127, 0.592); font-size: 100px; position: absolute; transform: translate3d(-50%, -50%, 0px) matrix3d(-0.95972, 0, -0.280959, 0, -0.214697, -0.645029, 0.733377, 0, 0.181227, -0.764158, -0.619048, 0, 144.981, -611.326, -495.238, 1);">
            </div>
            <div class="element" style="background-color: rgba(0, 127, 127, 0.314); font-size: 100px; position: absolute; transform: translate3d(-50%, -50%, 0px) matrix3d(-0.947014, 0, 0.321192, 0, 0.249816, -0.628542, 0.736564, 0, -0.201883, -0.777776, -0.595238, 0, -161.506, -622.22, -476.19, 1);">
            </div>
            <div class="element" style="background-color: rgba(0, 127, 127, 0.46); font-size: 100px; position: absolute; transform: translate3d(-50%, -50%, 0px) matrix3d(-0.722133, 0, 0.691754, 0, 0.422952, -0.791306, 0.441527, 0, -0.547389, -0.61142, -0.571429, 0, -437.911, -489.136, -457.143, 1);">
            </div>
            <div class="element" style="background-color: rgba(0, 127, 127, 0.282); font-size: 100px; position: absolute; transform: translate3d(-50%, -50%, 0px) matrix3d(-0.575135, 0, 0.818059, 0, 0.250005, -0.952158, 0.175765, 0, -0.778921, -0.305607, -0.547619, 0, -623.137, -244.486, -438.095, 1);">
            </div>
            <div class="element" style="background-color: rgba(0, 127, 127, 0.5); font-size: 100px; position: absolute; transform: translate3d(-50%, -50%, 0px) matrix3d(-0.525159, 0, 0.851004, 0, -0.0609632, -0.997431, -0.0376207, 0, -0.848818, 0.0716368, -0.523809, 0, -679.054, 57.3094, -419.048, 1);">
            </div>
            <div class="element" style="background-color: rgba(0, 127, 127, 0.306); font-size: 100px; position: absolute; transform: translate3d(-50%, -50%, 0px) matrix3d(-0.557142, 0, 0.830417, 0, -0.366332, -0.897437, -0.245779, 0, -0.745247, 0.441143, -0.5, 0, -596.198, 352.914, -400, 1);">
            </div>
            <div class="element" style="background-color: rgba(0, 127, 127, 0.31); font-size: 100px; position: absolute; transform: translate3d(-50%, -50%, 0px) matrix3d(-0.695815, 0, 0.718221, 0, -0.523684, -0.684364, -0.507347, 0, -0.491525, 0.72914, -0.47619, 0, -393.22, 583.312, -380.952, 1);">
            </div>
            <div class="element" style="background-color: rgba(0, 127, 127, 0.435); font-size: 100px; position: absolute; transform: translate3d(-50%, -50%, 0px) matrix3d(-0.955938, 0, 0.29357, 0, -0.258617, -0.473233, -0.842121, 0, -0.138927, 0.880937, -0.452381, 0, -111.142, 704.75, -361.905, 1);">
            </div>
            <div class="element" style="background-color: rgba(0, 127, 127, 0.384); font-size: 100px; position: absolute; transform: translate3d(-50%, -50%, 0px) matrix3d(-0.868283, 0, -0.496069, 0, 0.43143, -0.493585, -0.755144, 0, 0.244852, 0.869698, -0.428571, 0, 195.882, 695.758, -342.857, 1);">
            </div>
            <div class="element" style="background-color: rgba(0, 127, 127, 0.51); font-size: 100px; position: absolute; transform: translate3d(-50%, -50%, 0px) matrix3d(-0.566338, 0, -0.824173, 0, 0.576452, -0.7147, -0.396115, 0, 0.589036, 0.699431, -0.404762, 0, 471.229, 559.545, -323.81, 1);">
            </div>
            <div class="element" style="background-color: rgba(0, 127, 127, 0.514); font-size: 100px; position: absolute; transform: translate3d(-50%, -50%, 0px) matrix3d(-0.416126, 0, -0.909307, 0, 0.365885, -0.915474, -0.16744, 0, 0.832447, 0.402378, -0.380952, 0, 665.957, 321.902, -304.762, 1);">
            </div>
            <div class="element" style="background-color: rgba(0, 127, 127, 0.533); font-size: 100px; position: absolute; transform: translate3d(-50%, -50%, 0px) matrix3d(-0.357324, 0, -0.933981, 0, 0.0297244, -0.999493, -0.011372, 0, 0.933507, 0.0318255, -0.357143, 0, 746.806, 25.4604, -285.714, 1);">
            </div>
            <div class="element" style="background-color: rgba(0, 127, 127, 0.733); font-size: 100px; position: absolute; transform: translate3d(-50%, -50%, 0px) matrix3d(-0.355558, 0, -0.934654, 0, -0.325264, -0.937493, 0.123736, 0, 0.876231, -0.348005, -0.333333, 0, 700.985, -278.404, -266.667, 1);">
            </div>
            <div class="element" style="background-color: rgba(0, 127, 127, 0.745); font-size: 100px; position: absolute; transform: translate3d(-50%, -50%, 0px) matrix3d(-0.41855, 0, -0.908194, 0, -0.611342, -0.739514, 0.281743, 0, 0.671622, -0.673141, -0.309524, 0, 537.298, -538.513, -247.619, 1);">
            </div>
            <div class="element" style="background-color: rgba(0, 127, 127, 0.26); font-size: 100px; position: absolute; transform: translate3d(-50%, -50%, 0px) matrix3d(-0.627339, 0, -0.778746, 0, -0.693292, -0.455438, 0.5585, 0, 0.354671, -0.890267, -0.285714, 0, 283.737, -712.214, -228.571, 1);">
            </div>
            <div class="element" style="background-color: rgba(0, 127, 127, 0.37); font-size: 100px; position: absolute; transform: translate3d(-50%, -50%, 0px) matrix3d(-0.996414, 0, 0.0846155, 0, 0.0816402, -0.262847, 0.961377, 0, -0.022241, -0.964837, -0.261905, 0, -17.7928, -771.87, -209.524, 1);">
            </div>
            <div class="element" style="background-color: rgba(0, 127, 127, 0.28); font-size: 100px; position: absolute; transform: translate3d(-50%, -50%, 0px) matrix3d(-0.513119, 0, 0.858317, 0, 0.760321, -0.464015, 0.454535, 0, -0.398272, -0.885827, -0.238095, 0, -318.618, -708.662, -190.476, 1);">
            </div>
            <div class="element" style="background-color: rgba(0, 127, 127, 0.56); font-size: 100px; position: absolute; transform: translate3d(-50%, -50%, 0px) matrix3d(-0.28749, 0, 0.957784, 0, 0.63851, -0.745368, 0.191656, 0, -0.713901, -0.666653, -0.214286, 0, -571.121, -533.323, -171.429, 1);">
            </div>
            <div class="element" style="background-color: rgba(0, 127, 127, 0.306); font-size: 100px; position: absolute; transform: translate3d(-50%, -50%, 0px) matrix3d(-0.202727, 0, 0.979235, 0, 0.335243, -0.939572, 0.0694038, 0, -0.920062, -0.342352, -0.190476, 0, -736.05, -273.881, -152.381, 1);">
            </div>
            <div class="element" style="background-color: rgba(0, 127, 127, 0.525); font-size: 100px; position: absolute; transform: translate3d(-50%, -50%, 0px) matrix3d(-0.166777, 0, 0.985995, 0, -0.035854, -0.999339, -0.00606455, 0, -0.985343, 0.0363633, -0.166667, 0, -788.274, 29.0906, -133.333, 1);">
            </div>
            <div class="element" style="background-color: rgba(0, 127, 127, 0.48); font-size: 100px; position: absolute; transform: translate3d(-50%, -50%, 0px) matrix3d(-0.156716, 0, 0.987644, 0, -0.406071, -0.911567, -0.064434, 0, -0.900304, 0.411151, -0.142857, 0, -720.243, 328.921, -114.286, 1);">
            </div>
            <div class="element" style="background-color: rgba(0, 127, 127, 0.416); font-size: 100px; position: absolute; transform: translate3d(-50%, -50%, 0px) matrix3d(-0.172836, 0, 0.984951, 0, -0.714051, -0.68879, -0.125299, 0, -0.678424, 0.724961, -0.119048, 0, -542.739, 579.969, -95.2381, 1);">
            </div>
            <div class="element" style="background-color: rgba(0, 127, 127, 0.494); font-size: 100px; position: absolute; transform: translate3d(-50%, -50%, 0px) matrix3d(-0.260022, 0, 0.965603, 0, -0.898502, -0.36627, -0.241953, 0, -0.353671, 0.930509, -0.0952381, 0, -282.937, 744.407, -76.1905, 1);">
            </div>
            <div class="element" style="background-color: rgba(0, 127, 127, 0.41); font-size: 100px; position: absolute; transform: translate3d(-50%, -50%, 0px) matrix3d(-0.944457, 0, -0.328635, 0, 0.327694, -0.0756293, -0.941752, 0, 0.0248544, 0.997136, -0.0714286, 0, 19.8835, 797.709, -57.1429, 1);">
            </div>
            <div class="element" style="background-color: rgba(0, 127, 127, 0.337); font-size: 100px; position: absolute; transform: translate3d(-50%, -50%, 0px) matrix3d(-0.11811, 0, -0.993001, 0, 0.908718, -0.403175, -0.108085, 0, 0.400353, 0.915123, -0.0476191, 0, 320.282, 732.098, -38.0952, 1);">
            </div>
            <div class="element" style="background-color: rgba(0, 127, 127, 0.745); font-size: 100px; position: absolute; transform: translate3d(-50%, -50%, 0px) matrix3d(-0.0332, 0, -0.999449, 0, 0.69653, -0.717155, -0.0231375, 0, 0.716759, 0.696914, -0.0238095, 0, 573.407, 557.531, -19.0476, 1);">
            </div>
            <div class="element" style="background-color: rgba(0, 127, 127, 0.46); font-size: 100px; position: absolute; transform: translate3d(-50%, -50%, 0px) matrix3d(0, 0, -1, 0, 0.375136, -0.92697, 0, 0, 0.92697, 0.375136, 0, 0, 741.576, 300.109, 0, 1);">
            </div>
            <div class="element" style="background-color: rgba(0, 127, 127, 0.404); font-size: 100px; position: absolute; transform: translate3d(-50%, -50%, 0px) matrix3d(0.0238108, 0, -0.999716, 0, -0.00227321, -0.999997, -5.41446e-05, 0, 0.999714, -0.00227385, 0.0238108, 0, 799.771, -1.81899, 19.0476, 1);">
            </div>
            <div class="element" style="background-color: rgba(0, 127, 127, 0.384); font-size: 100px; position: absolute; transform: translate3d(-50%, -50%, 0px) matrix3d(0.0514608, 0, -0.998675, 0, -0.378619, -0.925347, -0.0195099, 0, 0.924121, -0.379121, 0.0476191, 0, 739.297, -303.297, 38.0952, 1);">
            </div>
            <div class="element" style="background-color: rgba(0, 127, 127, 0.443); font-size: 100px; position: absolute; transform: translate3d(-50%, -50%, 0px) matrix3d(0.0999107, 0, -0.994996, 0, -0.695704, -0.714924, -0.0698579, 0, 0.711346, -0.699203, 0.0714285, 0, 569.077, -559.362, 57.1429, 1);">
            </div>
            <div class="element" style="background-color: rgba(0, 127, 127, 0.333); font-size: 100px; position: absolute; transform: translate3d(-50%, -50%, 0px) matrix3d(0.235508, 0, -0.971873, 0, -0.888859, -0.404395, -0.215392, 0, 0.393021, -0.914584, 0.0952381, 0, 314.416, -731.667, 76.1905, 1);">
            </div>
            <div class="element" style="background-color: rgba(0, 127, 127, 0.506); font-size: 100px; position: absolute; transform: translate3d(-50%, -50%, 0px) matrix3d(0.990285, 0, -0.139051, 0, -0.138042, -0.120215, -0.983104, 0, 0.016716, -0.992748, 0.119048, 0, 13.3728, -794.198, 95.2381, 1);">
            </div>
            <div class="element" style="background-color: rgba(0, 127, 127, 0.5); font-size: 100px; position: absolute; transform: translate3d(-50%, -50%, 0px) matrix3d(0.367995, 0, 0.929828, 0, 0.856905, -0.388204, -0.339135, 0, -0.360963, -0.921574, 0.142857, 0, -288.77, -737.259, 114.286, 1);">
            </div>
            <div class="element" style="background-color: rgba(0, 127, 127, 0.68); font-size: 100px; position: absolute; transform: translate3d(-50%, -50%, 0px) matrix3d(0.237156, 0, 0.971472, 0, 0.691118, -0.702773, -0.168716, 0, -0.682724, -0.711414, 0.166667, 0, -546.179, -569.131, 133.333, 1);">
            </div>
            <div class="element" style="background-color: rgba(0, 127, 127, 0.4); font-size: 100px; position: absolute; transform: translate3d(-50%, -50%, 0px) matrix3d(0.207229, 0, 0.978292, 0, 0.385338, -0.919158, -0.0816251, 0, -0.899206, -0.393889, 0.190476, 0, -719.364, -315.111, 152.381, 1);">
            </div>
            <div class="element" style="background-color: rgba(0, 127, 127, 0.463); font-size: 100px; position: absolute; transform: translate3d(-50%, -50%, 0px) matrix3d(0.214319, 0, 0.976764, 0, 0.0170762, -0.999847, -0.00374682, 0, -0.976615, -0.0174825, 0.214286, 0, -781.292, -13.986, 171.429, 1);">
            </div>
            <div class="element" style="background-color: rgba(0, 127, 127, 0.282); font-size: 100px; position: absolute; transform: translate3d(-50%, -50%, 0px) matrix3d(0.255155, 0, 0.9669, 0, -0.347618, -0.933138, 0.0917329, 0, -0.902251, 0.359518, 0.238095, 0, -721.801, 287.614, 190.476, 1);">
            </div>
            <div class="element" style="background-color: rgba(0, 127, 127, 0.46); font-size: 100px; position: absolute; transform: translate3d(-50%, -50%, 0px) matrix3d(0.356219, 0, 0.934402, 0, -0.633349, -0.735235, 0.24145, 0, -0.687006, 0.677812, 0.261905, 0, -549.604, 542.25, 209.524, 1);">
            </div>
            <div class="element" style="background-color: rgba(0, 127, 127, 0.416); font-size: 100px; position: absolute; transform: translate3d(-50%, -50%, 0px) matrix3d(0.617109, 0, 0.786878, 0, -0.69746, -0.462988, 0.546984, 0, -0.364315, 0.886364, 0.285714, 0, -291.452, 709.092, 228.571, 1);">
            </div>
            <div class="element" style="background-color: rgba(0, 127, 127, 0.53); font-size: 100px; position: absolute; transform: translate3d(-50%, -50%, 0px) matrix3d(0.998914, 0, -0.0465889, 0, 0.0442959, -0.30986, 0.94975, 0, 0.014436, 0.950782, 0.309524, 0, 11.5488, 760.626, 247.619, 1);">
            </div>
            <div class="element" style="background-color: rgba(0, 127, 127, 0.275); font-size: 100px; position: absolute; transform: translate3d(-50%, -50%, 0px) matrix3d(0.652053, 0, -0.758173, 0, 0.651618, -0.511206, 0.560413, 0, 0.387582, 0.859458, 0.333333, 0, 310.066, 687.567, 266.667, 1);">
            </div>
            <div class="element" style="background-color: rgba(0, 127, 127, 0.294); font-size: 100px; position: absolute; transform: translate3d(-50%, -50%, 0px) matrix3d(0.458153, 0, -0.888874, 0, 0.556761, -0.779528, 0.286972, 0, 0.692902, 0.626367, 0.357143, 0, 554.322, 501.094, 285.714, 1);">
            </div>
            <div class="element" style="background-color: rgba(0, 127, 127, 0.675); font-size: 100px; position: absolute; transform: translate3d(-50%, -50%, 0px) matrix3d(0.398036, 0, -0.91737, 0, 0.265874, -0.95708, 0.11536, 0, 0.877997, 0.289822, 0.380952, 0, 702.397, 231.858, 304.762, 1);">
            </div>
            <div class="element" style="background-color: rgba(0, 127, 127, 0.667); font-size: 100px; position: absolute; transform: translate3d(-50%, -50%, 0px) matrix3d(0.40652, 0, -0.913642, 0, -0.0848877, -0.995674, -0.0377704, 0, 0.90969, -0.0929114, 0.404762, 0, 727.752, -74.3291, 323.81, 1);">
            </div>
            <div class="element" style="background-color: rgba(0, 127, 127, 0.45); font-size: 100px; position: absolute; transform: translate3d(-50%, -50%, 0px) matrix3d(0.481173, 0, -0.876626, 0, -0.398539, -0.890681, -0.218755, 0, 0.780794, -0.454628, 0.428571, 0, 624.635, -363.703, 342.857, 1);">
            </div>
            <div class="element" style="background-color: rgba(0, 127, 127, 0.506); font-size: 100px; position: absolute; transform: translate3d(-50%, -50%, 0px) matrix3d(0.661513, 0, -0.749934, 0, -0.547163, -0.683858, -0.48265, 0, 0.512848, -0.729615, 0.452381, 0, 410.279, -583.692, 361.905, 1);">
            </div>
            <div class="element" style="background-color: rgba(0, 127, 127, 0.706); font-size: 100px; position: absolute; transform: translate3d(-50%, -50%, 0px) matrix3d(0.951528, 0, -0.307562, 0, -0.266277, -0.500448, -0.823801, 0, 0.153919, -0.865767, 0.476191, 0, 123.135, -692.613, 380.952, 1);">
            </div>
            <div class="element" style="background-color: rgba(0, 127, 127, 0.647); font-size: 100px; position: absolute; transform: translate3d(-50%, -50%, 0px) matrix3d(0.909394, 0, 0.415936, 0, 0.347425, -0.549817, -0.759603, 0, -0.228689, -0.835285, 0.5, 0, -182.951, -668.228, 400, 1);">
            </div>
            <div class="element" style="background-color: rgba(0, 127, 127, 0.34); font-size: 100px; position: absolute; transform: translate3d(-50%, -50%, 0px) matrix3d(0.683054, 0, 0.730368, 0, 0.468757, -0.766864, -0.438391, 0, -0.560093, -0.64181, 0.523809, 0, -448.074, -513.448, 419.048, 1);">
            </div>
            <div class="element" style="background-color: rgba(0, 127, 127, 0.545); font-size: 100px; position: absolute; transform: translate3d(-50%, -50%, 0px) matrix3d(0.578453, 0, 0.815716, 0, 0.262767, -0.946695, -0.186337, 0, -0.772234, -0.32213, 0.547619, 0, -617.787, -257.704, 438.095, 1);">
            </div>
            <div class="element" style="background-color: rgba(0, 127, 127, 0.396); font-size: 100px; position: absolute; transform: translate3d(-50%, -50%, 0px) matrix3d(0.572413, 0, 0.819965, 0, -0.0480794, -0.998279, 0.033564, 0, -0.818554, 0.0586359, 0.571429, 0, -654.844, 46.9087, 457.143, 1);">
            </div>
            <div class="element" style="background-color: rgba(0, 127, 127, 0.675); font-size: 100px; position: absolute; transform: translate3d(-50%, -50%, 0px) matrix3d(0.65538, 0, 0.7553, 0, -0.316064, -0.908234, 0.274252, 0, -0.685989, 0.418462, 0.595238, 0, -548.791, 334.77, 476.19, 1);">
            </div>
            <div class="element" style="background-color: rgba(0, 127, 127, 0.682); font-size: 100px; position: absolute; transform: translate3d(-50%, -50%, 0px) matrix3d(0.839152, 0, 0.543897, 0, -0.367197, -0.737706, 0.56653, 0, -0.401236, 0.675122, 0.619048, 0, -320.989, 540.098, 495.238, 1);">
            </div>
            <div class="element" style="background-color: rgba(0, 127, 127, 0.6); font-size: 100px; position: absolute; transform: translate3d(-50%, -50%, 0px) matrix3d(0.998997, 0, 0.0447791, 0, -0.0342759, -0.643503, 0.764676, 0, -0.0288155, 0.765444, 0.642857, 0, -23.0524, 612.355, 514.286, 1);">
            </div>
            <div class="element" style="background-color: rgba(0, 127, 127, 0.52); font-size: 100px; position: absolute; transform: translate3d(-50%, -50%, 0px) matrix3d(0.890658, 0, -0.454674, 0, 0.301505, -0.74851, 0.590616, 0, 0.340328, 0.663123, 0.666667, 0, 272.263, 530.498, 533.333, 1);">
            </div>
            <div class="element" style="background-color: rgba(0, 127, 127, 0.33); font-size: 100px; position: absolute; transform: translate3d(-50%, -50%, 0px) matrix3d(0.749968, 0, -0.661474, 0, 0.258195, -0.920674, 0.292738, 0, 0.609001, 0.390333, 0.690476, 0, 487.201, 312.267, 552.381, 1);">
            </div>
            <div class="element" style="background-color: rgba(0, 127, 127, 0.48); font-size: 100px; position: absolute; transform: translate3d(-50%, -50%, 0px) matrix3d(0.714409, 0, -0.699729, 0, 0.0129742, -0.999828, 0.0132464, 0, 0.699609, 0.0185417, 0.714286, 0, 559.687, 14.8334, 571.429, 1);">
            </div>
            <div class="element" style="background-color: rgba(0, 127, 127, 0.467); font-size: 100px; position: absolute; transform: translate3d(-50%, -50%, 0px) matrix3d(0.786283, 0, -0.617866, 0, -0.212976, -0.938714, -0.271029, 0, 0.58, -0.344697, 0.738095, 0, 464, -275.757, 590.476, 1);">
            </div>
            <div class="element" style="background-color: rgba(0, 127, 127, 0.62); font-size: 100px; position: absolute; transform: translate3d(-50%, -50%, 0px) matrix3d(0.938014, 0, -0.346599, 0, -0.202173, -0.812254, -0.547148, 0, 0.281526, -0.583305, 0.761905, 0, 225.221, -466.644, 609.524, 1);">
            </div>
            <div class="element" style="background-color: rgba(0, 127, 127, 0.25); font-size: 100px; position: absolute; transform: translate3d(-50%, -50%, 0px) matrix3d(0.992114, 0, 0.125335, 0, 0.0765264, -0.791959, -0.605759, 0, -0.0992603, -0.610574, 0.785714, 0, -79.4083, -488.459, 628.571, 1);">
            </div>
            <div class="element" style="background-color: rgba(0, 127, 127, 0.26); font-size: 100px; position: absolute; transform: translate3d(-50%, -50%, 0px) matrix3d(0.886637, 0, 0.462465, 0, 0.188639, -0.913027, -0.361659, 0, -0.422243, -0.407899, 0.809524, 0, -337.795, -326.319, 647.619, 1);">
            </div>
            <div class="element" style="background-color: rgba(0, 127, 127, 0.337); font-size: 100px; position: absolute; transform: translate3d(-50%, -50%, 0px) matrix3d(0.834354, 0, 0.551229, 0, 0.0272562, -0.998777, -0.0412556, 0, -0.550555, -0.0494461, 0.833333, 0, -440.444, -39.5569, 666.667, 1);">
            </div>
            <div class="element" style="background-color: rgba(0, 127, 127, 0.396); font-size: 100px; position: absolute; transform: translate3d(-50%, -50%, 0px) matrix3d(0.900153, 0, 0.435573, 0, -0.133031, -0.952219, 0.274922, 0, -0.414761, 0.305417, 0.857143, 0, -331.809, 244.334, 685.714, 1);">
            </div>
            <div class="element" style="background-color: rgba(0, 127, 127, 0.29); font-size: 100px; position: absolute; transform: translate3d(-50%, -50%, 0px) matrix3d(0.996645, 0, 0.0818509, 0, -0.0382769, -0.883918, 0.466072, 0, -0.0723495, 0.467641, 0.880952, 0, -57.8796, 374.113, 704.762, 1);">
            </div>
            <div class="element" style="background-color: rgba(0, 127, 127, 0.647); font-size: 100px; position: absolute; transform: translate3d(-50%, -50%, 0px) matrix3d(0.956325, 0, -0.292307, 0, 0.0946857, -0.946082, 0.309779, 0, 0.276546, 0.323926, 0.904762, 0, 221.237, 259.141, 723.81, 1);">
            </div>
            <div class="element" style="background-color: rgba(0, 127, 127, 0.7); font-size: 100px; position: absolute; transform: translate3d(-50%, -50%, 0px) matrix3d(0.929289, 0, -0.369353, 0, -0.0145146, -0.999228, -0.0365185, 0, 0.369068, -0.0392973, 0.928571, 0, 295.254, -31.4378, 742.857, 1);">
            </div>
            <div class="element" style="background-color: rgba(0, 127, 127, 0.44); font-size: 100px; position: absolute; transform: translate3d(-50%, -50%, 0px) matrix3d(0.994937, 0, -0.100496, 0, -0.0290774, -0.957227, -0.287873, 0, 0.0961976, -0.289338, 0.952381, 0, 76.9581, -231.47, 761.905, 1);">
            </div>
            <div class="element" style="background-color: rgba(0, 127, 127, 0.608); font-size: 100px; position: absolute; transform: translate3d(-50%, -50%, 0px) matrix3d(0.979867, 0, 0.199653, 0, 0.0172782, -0.996248, -0.0847989, 0, -0.198904, -0.0865413, 0.97619, 0, -159.123, -69.233, 780.952, 1);">
            </div>
        </div>
    </div> -->
</div>






<script type="text/javascript">

    var currentDomain = "http://logowall.31huiyi.com";
    var wwwDomain = "http://www.31huiyi.com";
    var logoWallDomain = "http://logowall.31huiyi.com";

    var newstaticDomain = "http://newstatic.31huiyi.com";

    var fileDomain = "http://file.31huiyi.com";
</script>

    <script src="http://newstatic.31huiyi.com/app/eventMobile/3d/three.min.js?v=v2016_03_02_01894349"></script>
    <script src="http://newstatic.31huiyi.com/app/eventMobile/3d/tween.min.js?v=v2016_03_02_01894349"></script>
    <script src="http://newstatic.31huiyi.com/app/eventMobile/3d/TrackballControls.js?v=v2016_03_02_01894349"></script>
    <script src="http://newstatic.31huiyi.com/app/eventMobile/3d/CSS3DRenderer.js?v=v2016_03_02_01894349"></script>
    <script type="text/javascript">
        window.enc = "2aa91fb43fda68baa652227aa2ecc29a";

        var logoWall = $.parseJSON("{\"WallId\":815537912,\"WallName\":\"111\",\"WallType\":30,\"DeadLine\":\"2017-07-07T11:30:46.338+08:00\",\"HeadSourceType\":0,\"EventId\":null,\"EventTitle\":null,\"ScanSpots\":[],\"WinXinWallId\":null,\"WinXinWallName\":null,\"UserId\":336375011,\"PayLevel\":0,\"Wall2DSetting\":{\"BgImage\":\"http://newstatic.31huiyi.com/img/wallCheckin/bg-2016-mokey.png\",\"ShowTime\":3,\"FillSpeed\":3,\"FillDirection\":0,\"IsRepeatFill\":false,\"RepeatFillTime\":0,\"IsShowCurtain\":false,\"CurtainImageURL\":null,\"GridSize\":0,\"LogoSetting\":\"[{x:17,y:2},{x:18,y:2},{x:15,y:3},{x:16,y:3},{x:17,y:3},{x:18,y:3},{x:19,y:3},{x:15,y:4},{x:16,y:4},{x:17,y:4},{x:18,y:4},{x:19,y:4},{x:20,y:4},{x:15,y:5},{x:16,y:5},{x:17,y:5},{x:18,y:5},{x:19,y:5},{x:20,y:5},{x:12,y:6},{x:13,y:6},{x:15,y:6},{x:16,y:6},{x:17,y:6},{x:18,y:6},{x:19,y:6},{x:20,y:6},{x:11,y:7},{x:12,y:7},{x:13,y:7},{x:14,y:7},{x:15,y:7},{x:16,y:7},{x:17,y:7},{x:18,y:7},{x:19,y:7},{x:11,y:8},{x:12,y:8},{x:13,y:8},{x:14,y:8},{x:16,y:8},{x:17,y:8},{x:18,y:8},{x:19,y:8},{x:20,y:8},{x:21,y:8},{x:11,y:9},{x:12,y:9},{x:13,y:9},{x:14,y:9},{x:15,y:9},{x:16,y:9},{x:17,y:9},{x:18,y:9},{x:19,y:9},{x:20,y:9},{x:21,y:9},{x:22,y:9},{x:10,y:10},{x:11,y:10},{x:12,y:10},{x:13,y:10},{x:14,y:10},{x:15,y:10},{x:16,y:10},{x:17,y:10},{x:18,y:10},{x:19,y:10},{x:20,y:10},{x:21,y:10},{x:22,y:10},{x:10,y:11},{x:11,y:11},{x:13,y:11},{x:16,y:11},{x:17,y:11},{x:18,y:11},{x:19,y:11},{x:20,y:11},{x:21,y:11},{x:22,y:11},{x:14,y:12},{x:15,y:12},{x:16,y:12},{x:17,y:12},{x:18,y:12},{x:19,y:12},{x:20,y:12},{x:21,y:12},{x:15,y:13},{x:16,y:13},{x:17,y:13},{x:18,y:13},{x:19,y:13},{x:20,y:13},{x:21,y:13}]\",\"MaxX\":32,\"MaxY\":18},\"Wall3DSetting\":{\"BGType\":0,\"BgImage\":\"\",\"BgColor\":\"\",\"ShowTypes\":[0],\"ChangeSecond\":5,\"LogoType\":0,\"CustomImage\":\"\",\"IsRepeatFill\":false,\"RepeatFillTime\":1,\"BeginTime\":null,\"AreaSize\":1000,\"LogoSetting\":\"[{x:5,y:3},{x:6,y:3},{x:7,y:3},{x:8,y:3},{x:9,y:3},{x:10,y:3},{x:11,y:3},{x:12,y:3},{x:15,y:3},{x:16,y:3},{x:5,y:4},{x:6,y:4},{x:7,y:4},{x:8,y:4},{x:9,y:4},{x:10,y:4},{x:11,y:4},{x:12,y:4},{x:15,y:4},{x:16,y:4},{x:11,y:5},{x:12,y:5},{x:15,y:5},{x:16,y:5},{x:11,y:6},{x:12,y:6},{x:15,y:6},{x:16,y:6},{x:11,y:7},{x:12,y:7},{x:15,y:7},{x:16,y:7},{x:5,y:8},{x:6,y:8},{x:7,y:8},{x:8,y:8},{x:9,y:8},{x:10,y:8},{x:11,y:8},{x:12,y:8},{x:15,y:8},{x:16,y:8},{x:5,y:9},{x:6,y:9},{x:7,y:9},{x:8,y:9},{x:9,y:9},{x:10,y:9},{x:11,y:9},{x:12,y:9},{x:15,y:9},{x:16,y:9},{x:11,y:10},{x:12,y:10},{x:15,y:10},{x:16,y:10},{x:11,y:11},{x:12,y:11},{x:15,y:11},{x:16,y:11},{x:11,y:12},{x:12,y:12},{x:15,y:12},{x:16,y:12},{x:5,y:13},{x:6,y:13},{x:7,y:13},{x:8,y:13},{x:9,y:13},{x:10,y:13},{x:11,y:13},{x:12,y:13},{x:15,y:13},{x:16,y:13},{x:5,y:14},{x:6,y:14},{x:7,y:14},{x:8,y:14},{x:9,y:14},{x:10,y:14},{x:11,y:14},{x:12,y:14},{x:15,y:14},{x:16,y:14}]\",\"LogoBackgroundImageURL\":\"\",\"GridSize\":0},\"Wall3DIPadSetting\":{\"BgImage\":\"/Uploads/Files/2016/07/20/636046092762379703.jpg\",\"ShowTypes\":[],\"WatchWordStyle\":0,\"WatchWordContentList\":[],\"CountDownImageList\":[],\"CountDown\":0,\"ChangeSecond\":180,\"ShowTime\":3},\"Wall3DWebSetting\":{\"BgImage\":null,\"CustomImage\":null,\"IconImage\":null,\"ShowTypes\":null,\"PrecisionSetting\":0,\"ChangeSecond\":0,\"AnimatedSecond\":0.0,\"SpinSecond\":0.0},\"ScrmCompanyId\":336378111,\"CustomerJS\":null,\"CustomerCSS\":null,\"AuthUserSettingId\":0,\"CreateTime\":\"2017-06-07T11:30:46.338+08:00\",\"UpdateTime\":\"2017-07-11T16:52:32.367+08:00\",\"NeedChangeFieldNames\":null,\"DbBackupHistoryLogId\":0,\"NotNeedRecordDbOperatingHistoryLog\":false,\"_id\":\"5937736663419952843d2f65\",\"__v\":7,\"IsDeleted\":false}");
        //3d配置
        var WX3DWallSetting = logoWall.Wall3DSetting;

        ////标准墙配置
        //var WXSignInWallSetting = wxSign.WXSignInWallSetting;
        //var WXWelcomeWallSetting = wxSign.WXWelcomeWallSetting;
    </script>

    <script src="http://newstatic.31huiyi.com/app/logowall/3d/app.js?v=v2016_03_02_01894349"></script>

    <script src="http://newstatic.31huiyi.com/app/logowall/wall/WallJoinProvider2.js?v=v2016_03_02_01894349"></script>

    <script src="http://newstatic.31huiyi.com/app/logowall/3d/wall_3d.js?v=v2016_03_02_01894349"></script>





<div id="cli_dialog_div"></div></body></html>
